------------------------0------------------------
1	76.28333333333333
2	74.09166666666667
3	80.48333333333333
4	80.31666666666666
5	81.575
6	81.625
7	82.59166666666667
8	82.59166666666667
9	82.86666666666666
10	82.8
11	82.79166666666666
12	82.93333333333334
13	82.79166666666666
14	82.72500000000001
15	82.675
16	82.875
17	82.86666666666666
18	82.85
19	82.825
20	82.89166666666667
21	82.84166666666667
22	82.74166666666667
23	82.8
24	82.85
25	82.70833333333333
26	82.775
27	82.66666666666667
28	82.775
29	82.825
30	82.775
31	82.66666666666667
32	82.64166666666667
33	82.58333333333333
34	82.475
35	82.425
36	82.48333333333333
37	82.53333333333333
38	82.50833333333333
39	82.425
40	82.33333333333334
41	82.34166666666667
42	82.30833333333332
43	82.375
44	82.35833333333333
45	82.34166666666667
46	82.27499999999999
47	82.3
48	82.33333333333334
49	82.3
50	82.21666666666667
51	82.24166666666667
52	82.24166666666667
53	82.22500000000001
54	82.15833333333333
55	82.15833333333333
56	82.20833333333334
57	82.125
58	82.08333333333333
59	82.19999999999999
60	82.125
61	82.21666666666667
62	82.05
63	82.125
64	82.1
65	82.075
66	82.1
67	82.025
68	82.10833333333333
69	82.08333333333333
70	82.19166666666666
71	82.15
72	82.175
73	82.1
74	82.16666666666667
75	82.05833333333334
76	82.125
77	82.075
78	82.10833333333333
79	82.125
80	82.13333333333334
81	82.14166666666667
82	82.13333333333334
83	82.13333333333334
84	82.19166666666666
85	82.15
86	82.075
87	82.075
88	82.05
89	82.09166666666667
90	82.025
91	82.0
92	82.00833333333334
93	81.975
94	81.975
95	81.975
96	81.975
97	81.925
98	82.0
99	81.975
100	81.98333333333333
------------------------
------------------------12000------------------------
1	76.47500000000001
2	74.55000000000001
3	80.80833333333334
4	80.575
5	82.46666666666667
6	82.22500000000001
7	83.10833333333333
8	82.975
9	83.41666666666666
10	83.35000000000001
11	83.30833333333332
12	83.46666666666667
13	83.525
14	83.46666666666667
15	83.65
16	83.56666666666666
17	83.65
18	83.65
19	83.56666666666666
20	83.575
21	83.51666666666667
22	83.46666666666667
23	83.42500000000001
24	83.54166666666667
25	83.43333333333334
26	83.55
27	83.46666666666667
28	83.38333333333333
29	83.42500000000001
30	83.34166666666667
31	83.29166666666666
32	83.33333333333334
33	83.34166666666667
34	83.35833333333333
35	83.38333333333333
36	83.2
37	83.2
38	83.15
39	83.14166666666667
40	83.09166666666667
41	83.10833333333333
42	83.1
43	83.10833333333333
44	83.06666666666666
45	83.00833333333333
46	83.08333333333333
47	83.08333333333333
48	83.08333333333333
49	83.06666666666666
50	83.05
51	83.00833333333333
52	83.00833333333333
53	82.95
54	82.98333333333333
55	82.92500000000001
56	82.86666666666666
57	82.825
58	82.85833333333333
59	82.86666666666666
60	82.84166666666667
61	82.76666666666667
62	82.76666666666667
63	82.78333333333333
64	82.69166666666666
65	82.72500000000001
66	82.72500000000001
67	82.72500000000001
68	82.69166666666666
69	82.61666666666667
70	82.55833333333334
71	82.55833333333334
72	82.625
73	82.59166666666667
74	82.58333333333333
75	82.55
76	82.525
77	82.50833333333333
78	82.45833333333333
79	82.45833333333333
80	82.46666666666667
81	82.48333333333333
82	82.44166666666666
83	82.44166666666666
84	82.44166666666666
85	82.40833333333333
86	82.44166666666666
87	82.39999999999999
88	82.40833333333333
89	82.35833333333333
90	82.325
91	82.25
92	82.27499999999999
93	82.34166666666667
94	82.35833333333333
95	82.28333333333333
96	82.29166666666666
97	82.3
98	82.27499999999999
99	82.29166666666666
100	82.25
------------------------	
------------------------24000------------------------
1	75.86666666666667
2	74.14166666666667
3	80.11666666666667
4	79.57499999999999
5	81.26666666666667
6	81.29166666666666
7	82.25833333333334
8	82.15
9	82.48333333333333
10	82.55
11	82.69999999999999
12	82.79166666666666
13	83.03333333333333
14	82.84166666666667
15	82.775
16	82.76666666666667
17	82.85833333333333
18	82.71666666666667
19	82.75
20	82.775
21	82.70833333333333
22	82.78333333333333
23	82.775
24	82.80833333333332
25	82.74166666666667
26	82.775
27	82.71666666666667
28	82.80833333333332
29	82.86666666666666
30	82.85833333333333
31	82.83333333333334
32	82.76666666666667
33	82.78333333333333
34	82.775
35	82.89999999999999
36	82.775
37	82.93333333333334
38	82.875
39	82.84166666666667
40	82.83333333333334
41	82.79166666666666
42	82.79166666666666
43	82.675
44	82.76666666666667
45	82.63333333333334
46	82.63333333333334
47	82.65833333333333
48	82.65833333333333
49	82.63333333333334
50	82.63333333333334
51	82.55833333333334
52	82.625
53	82.61666666666667
54	82.60833333333333
55	82.59166666666667
56	82.54166666666667
57	82.525
58	82.54166666666667
59	82.55833333333334
60	82.5
61	82.5
62	82.54166666666667
63	82.53333333333333
64	82.5
65	82.48333333333333
66	82.45833333333333
67	82.41666666666667
68	82.39166666666667
69	82.39166666666667
70	82.35
71	82.375
72	82.3
73	82.27499999999999
74	82.25
75	82.26666666666667
76	82.175
77	82.19166666666666
78	82.15833333333333
79	82.18333333333334
80	82.15
81	82.175
82	82.21666666666667
83	82.175
84	82.15
85	82.20833333333334
86	82.15833333333333
87	82.16666666666667
88	82.175
89	82.19166666666666
90	82.175
91	82.175
92	82.1
93	82.09166666666667
94	82.00833333333334
95	82.06666666666666
96	81.99166666666666
97	82.025
98	81.96666666666667
99	82.025
100	82.00833333333334
------------------------
------------------------36000------------------------
1	76.53333333333333
2	74.25
3	80.41666666666667
4	80.41666666666667
5	81.68333333333334
6	81.89166666666667
7	82.49166666666666
8	82.45833333333333
9	82.63333333333334
10	82.95833333333333
11	82.96666666666667
12	82.875
13	83.05
14	83.025
15	83.13333333333334
16	83.09166666666667
17	83.15
18	83.18333333333334
19	83.10833333333333
20	83.15
21	83.19166666666666
22	82.975
23	83.11666666666667
24	83.15833333333333
25	83.11666666666667
26	83.175
27	83.11666666666667
28	83.21666666666667
29	83.16666666666667
30	83.15833333333333
31	82.96666666666667
32	83.0
33	82.85
34	82.93333333333334
35	82.91666666666667
36	82.86666666666666
37	82.92500000000001
38	82.95
39	82.92500000000001
40	82.91666666666667
41	82.95
42	82.975
43	82.975
44	83.0
45	82.96666666666667
46	82.96666666666667
47	83.06666666666666
48	83.025
49	83.04166666666667
50	83.075
51	83.05
52	82.91666666666667
53	82.975
54	82.95
55	82.98333333333333
56	82.95
57	82.95833333333333
58	82.91666666666667
59	82.86666666666666
60	82.80833333333332
61	82.85833333333333
62	82.825
63	82.85833333333333
64	82.76666666666667
65	82.71666666666667
66	82.84166666666667
67	82.74166666666667
68	82.71666666666667
69	82.825
70	82.79166666666666
71	82.76666666666667
72	82.75
73	82.71666666666667
74	82.69166666666666
75	82.78333333333333
76	82.65
77	82.69166666666666
78	82.63333333333334
79	82.675
80	82.65
81	82.68333333333334
82	82.63333333333334
83	82.69166666666666
84	82.61666666666667
85	82.56666666666666
86	82.58333333333333
87	82.54166666666667
88	82.5
89	82.50833333333333
90	82.51666666666667
91	82.50833333333333
92	82.5
93	82.48333333333333
94	82.5
95	82.49166666666666
96	82.46666666666667
97	82.46666666666667
98	82.43333333333334
99	82.43333333333334
100	82.46666666666667
------------------------
------------------------48000------------------------
1	75.78333333333333
2	72.79166666666667
3	79.825
4	79.49166666666667
5	81.41666666666667
6	81.24166666666667
7	82.175
8	82.09166666666667
9	82.73333333333333
10	82.78333333333333
11	83.13333333333334
12	83.00833333333333
13	83.05
14	83.18333333333334
15	83.04166666666667
16	83.05833333333334
17	82.96666666666667
18	83.05
19	83.06666666666666
20	82.91666666666667
21	83.05
22	82.92500000000001
23	82.88333333333333
24	82.90833333333333
25	82.95833333333333
26	82.83333333333334
27	82.825
28	82.76666666666667
29	82.81666666666668
30	82.85
31	82.86666666666666
32	82.91666666666667
33	82.825
34	82.825
35	82.66666666666667
36	82.72500000000001
37	82.68333333333334
38	82.70833333333333
39	82.675
40	82.72500000000001
41	82.76666666666667
42	82.65
43	82.60833333333333
44	82.575
45	82.61666666666667
46	82.69166666666666
47	82.74166666666667
48	82.55833333333334
49	82.60833333333333
50	82.66666666666667
51	82.65833333333333
52	82.64166666666667
53	82.64166666666667
54	82.60833333333333
55	82.50833333333333
56	82.54166666666667
57	82.53333333333333
58	82.54166666666667
59	82.54166666666667
60	82.46666666666667
61	82.46666666666667
62	82.45
63	82.43333333333334
64	82.36666666666666
65	82.325
66	82.325
67	82.34166666666667
68	82.375
69	82.35
70	82.33333333333334
71	82.31666666666668
72	82.29166666666666
73	82.29166666666666
74	82.325
75	82.28333333333333
76	82.29166666666666
77	82.20833333333334
78	82.19166666666666
79	82.24166666666667
80	82.22500000000001
81	82.28333333333333
82	82.25
83	82.26666666666667
84	82.25
85	82.25
86	82.20833333333334
87	82.18333333333334
88	82.19166666666666
89	82.18333333333334
90	82.24166666666667
91	82.22500000000001
92	82.21666666666667
93	82.23333333333333
94	82.18333333333334
95	82.18333333333334
96	82.19166666666666
97	82.18333333333334
98	82.18333333333334
99	82.15
100	82.15
------------------------
